kinematics:
  shoulder:
    x: 0
    y: 0
    z: 0.1625623636203611
    roll: -0
    pitch: 0
    yaw: 3.334885370631646e-08
  upper_arm:
    x: 0.0002328769388167376
    y: 0
    z: 0
    roll: 1.570964596041262
    pitch: 0
    yaw: 1.197763466450478e-06
  forearm:
    x: -0.4249335114111236
    y: 0
    z: 0
    roll: 0.0007270374523076625
    pitch: -0.0005814679664399381
    yaw: 4.021290749253104e-06
  wrist_1:
    x: -0.3921321455788931
    y: -0.000984409210923449
    z: 0.1334349538376788
    roll: 0.007377312494279508
    pitch: 2.074809379466825e-05
    yaw: -8.723406976062567e-06
  wrist_2:
    x: 6.722802070450251e-06
    y: -0.09958305683910576
    z: 0.0001460413623484535
    roll: 1.569329799633682
    pitch: 0
    yaw: -6.073331166919076e-07
  wrist_3:
    x: 6.795781674952711e-06
    y: 0.09946565655231975
    z: 6.751974127929441e-05
    roll: 1.571475151358556
    pitch: 3.141592653589793
    yaw: 3.141592548391492
  hash: calib_2402092709985291268
